1   0
2   0.017
3   0.021
4   0.025
5   0.028
6   0.032
7   0.035
8   0.039
9   0.043
10  0.047
11  0.051
12  0.055
13  0.060
14  0.064
15  0.069
16  0.074
17  0.079
18  0.084
19  0.089
20  0.094
21  0.099
22  0.104
23  0.110
24  0.115
25  0.120
26  0.125
27  0.130
28  0.135
29  0.140
30  0.144
31  0.149
32  0.153
33  0.158
34  0.162
35  0.166
36  0.170
37  0.173
38  0.177
39  0.180
40  0.183
41  0.186
42  0.189
43  0.192
44  0.194
45  0.196
46  0.199
47  0.201
48  0.202
49  0.204
50  0.205
51  0.207
52  0.208
53  0.209
54  0.210
55  0.210
56  0.211
