2   0.015
3   0.019
4   0.023
5   0.027
6   0.031
7   0.035
8   0.040
9   0.044
10  0.049
11  0.054
12  0.059
13  0.064
14  0.070
15  0.075
16  0.081
17  0.087
18  0.093
19  0.099
20  0.105
21  0.111
22  0.118
23  0.124
24  0.130
25  0.136
26  0.143
27  0.149
28  0.155
29  0.161
30  0.167
31  0.173
32  0.178
33  0.184
34  0.189
35  0.195
36  0.200
37  0.204
38  0.209
39  0.214
40  0.218
41  0.222
42  0.226
43  0.229
44  0.233
45  0.236
46  0.239
47  0.242
48  0.244
49  0.247
50  0.249
51  0.251
52  0.253
53  0.254
54  0.255
55  0.257
56  0.258